EP1s'r. 147.—7 MAJ1 1569 59

2. Le3'tle los capitulos (16 (105 631135 (161 Ρ. Α116113116613 sobre
61 negocio (161 31601115ρο (16 Granada ⁵, y 161116 10(13 13 16113 (161
01651110 3160015110, y 11316661116 (1116 56 1101910 111116110, y 56 edific&
del 31601115ρο; y 1331111611 entendic') 13 forma 0116 01105 011151105 (16-
21311 56 31113 (16 161161, quando S. S. 0116113 0116 56311 1111111163ᾱο5
5115 motus proprios, 616. Το011616 (165111165 61 negocio principal (16
13 13611113(1 (16165131, y ultra (16 113261· gratia 3 1311 obediente y
fiel perlado, 16 dixe 13 11161666 0116 podria 113Ζ61 6011 6513 0663-
51011 3 111165113 6353; 11010116 3111611110 tomado sobre si 61 11650 (16
6011111131105 511105 por 11135 (16 diez 111111 65611ᾶο5 11313 animas 31
6311161131 Fernesio, 616., 0116 110 31113 011611ᾶο V. P. grauar 3
S. S. Con 51111111163116 1105 3511163556 3 53111 (16513 (1611(13 por 116116
1311 cargado (16 01105 trabajos y gastos3 y (1116 351 31113 656111110
V. P. 3 3111111105 fuera (16 Roma, y 611116 61105 31 31601115110, y 0116
310 (1116 611161161311105, 51 S. S. 16 11121656 13 gratia (16 165131, 16
podria condenar 611 (105 0 1165 111111 65611(105 0 10 0116 1113011356ς y
351 0116 111113 13 1116166(1 0116 56 113113 31 31601115110, 110513 113113
muy grande, 616. Su 531111(13(1 165110116ἰὸ 0116 segl'm 13 6(13(1 611
0116 56 113113113, 31113 (16 pensas (1116 311165 111011113 61 0116 61 3120-
1115ρο; 11135 0116 (161113 161161 165116610 3 5115 511666550165, 3 105 0113-
165 106311 105 651101105. 3661100616 (1116 (13113 131113511111051135 61 31-
60015110 611 uida, 0116 11060 (1311111311 sus despojos (165111165 (16
111116110, y 0116 5611311 3101111135 (1611(135 0116 61 no puede 6011131,
311ηο116 podria 611 111(13 113261 (1011361011 (161135. Το(131113 (11Χο 0116
11016 11316613 0116105 1161136105 1112165611 011135 11135 (16 10 0116 110
11116661] 1161131 60115100, 51110 0116 hagan 61 bien 0116 11116(1611 611 511
111ῑὶ3; y 1111 13 113116 0116 1063 3 (131 ayuda 313 13111163, 0116 bolga-
113 0116 13 (11656, mas 611 uida, y 110 1101 testamento. Το011616 0116
(1656311311105 13 600501361011 (161 31601115ρο 611 6513 113116, 11010116
algunos 31113 0116 505116611311311 0116 1101 110 31161 1110511360 611
Tremo 131113 3116611011 3 135 60535 (16513 sede, 113113113 11135 diffi-
611113(1 611 31161 gratia (16113, 616. Respondi& 0116 30116110 31113 sido
11135 6011113 135 131135 (16 60511111111165, 0116 6011113 13 auctoridad
(16513 56(16, y que (16563113 61 11111656 1111161105 601110 61 31601115110,

5 Petrus Guerrero.

